0
0
0
0
0
0
0
1241
1711
3265
1889
1654
2606
1880
3491
1179
0
199
0
0
0
0
0
0
0
0
0
0
0
0
0
351
0
1620
3251
3312
3391
3475
3088
3236
3261
1340
0
0
0
0
0
0
0
0
0
0
0
0
0
166
1252
3421
2752
1806
2839
3600
3424
3571
3098
1708
0
0
0
0
0
0
0
0
0
0
0
0
0
2534
3600
3600
3421
1470
1230
462
3020
3514
3183
1620
0
0
0
0
0
0
0
0
0
0
0
0
0
2056
3600
3600
3600
3282
2677
3348
2669
380
255
0
0
0
0
0
0
0
0
0
0
0
0
0
0
0
6
3057
3425
3099
2818
3600
3600
3600
3435
1574
0
0
0
0
0
0
0
0
0
0
0
0
0
1102
3600
3600
3600
3600
3597
3600
3600
3600
3600
1580
0
0
0
0
0
0
0
0
0
0
0
0
0
2952
3542
1030
15
191
0
0
0
836
2087
1603
0
0
0
0
0
0
0
0
0
0
0
0
0
2888
2008
875
0
0
0
0
0
0
0
2103
3181
3600
3600
3600
3600
3600
3600
3600
823
0
0
0
0
0
0
0
0
0
0
0
0
0
2485
3027
3600
3227
2545
3276
0
0
0
0
0
0
0
3105
2558
3392
3600
3600
3600
3331
3600
988
0
0
0
0
0
0
0
0
0
0
0
0
0
0
0
0
0
0
0
0
2212
2821
3010
3600
3600
2520
0
0
0
0
0
0
0
0
0
617
3600
3079
1389
1292
0
0
0
0
0
0
0
0
0
0
0
0
0
0
0
0
0
0
0
0
0
0
0
0
0
0
0
0
0
0
0
0
0
0
0
0
0
0
0
0
0
0
0
280
1422
0
0
0
0
0
0
0
0
0
0
0
0
0
0
0
0
0
0
0
0
0
0
0
0
155
133
1965
336
2825
1230
0
0
0
0
0
0
0
0
0
0
0
0
0
260
3600
3600
3600
3600
3193
3179
3600
3600
3600
1577
0
0
0
0
0
0
0
0
0
0
0
0
0
0
0
0
0
0
0
0
0
0
0
0
0
0
0
0
0
0
0
0
0
0
0
0
0
0
0
0
0
7
3537
3600
3600
3600
3600
1939
0
0
0
0
0
0
0
0
0
0
0
0
160
3422
11
0
0
732
234
0
654
255
0
0
0
0
0
0
0
0
0
0
0
0
0
0
0
583
2911
3599
3600
3243
3452
3600
3600
3600
3600
2950
0
0
0
0
0
0
0
0
0
0
0
0
0
51
1293
3273
2095
2028
1333
42
38
0
0
0
0
0
0
0
0
0
0
0
0
0
0
0
0
1030
3474
3600
3338
1556
386
2249
2398
2049
1971
609
0
0
0
0
0
0
0
0
0
0
0
0
1589
3600
3600
3600
3543
2284
2734
2639
0
1000
17
484
0
0
0
0
0
0
0
0
0
0
0
0
0
0
0
376
421
1824
1587
2904
2577
2967
3591
2658
0
0
0
0
0
0
0
0
0
0
0
0
327
3519
3600
3600
3600
1885
1862
2554
3515
3600
3002
523
0
0
0
0
0
0
0
0
0
0
0
0
0
0
0
0
741
216
0
0
0
0
0
0
0
0
0
0
0
0
0
0
0
0
0
0
0
0
0
0
0
0
0
90
2552
976
856
0
0
0
0
0
0
0
0
0
0
0
0
0
747
3600
3549
3600
2557
641
1607
0
0
0
0
0
0
0
0
0
0
0
0
0
0
0
0
0
808
432
2882
3226
3053
3158
2975
2683
3307
2141
2452
1465
0
0
0
0
0
0
0
0
0
0
0
0
0
0
0
0
0
0
0
314
81
76
344
0
0
0
0
0
0
0
0
0
0
0
0
0
0
871
0
266
0
713
750
663
2647
1661
52
0
0
0
0
0
0
0
0
0
0
0
0
0
0
2513
3600
3600
2813
0
61
527
85
1082
646
0
0
0
0
0
0
0
0
0
0
0
0
0
0
2628
3600
3600
3530
2459
859
2828
1438
1008
549
0
0
0
0
0
0
0
0
0
0
0
0
0
0
0
0
0
262
931
177
422
877
2314
0
0
0
0
0
0
0
0
0
0
0
0
0
0
0
2870
2847
2635
1183
1635
1007
0
0
0
0
0
0
0
0
0
0
0
0
0
0
0
0
0
0
3046
3600
3600
3600
3431
2582
2274
794
1745
3600
1663
0
0
0
0
0
0
0
0
0
0
0
0
0
0
0
0
20
0
0
79
0
0
0
0
0
0
0
0
0
0
0
0
0
0
0
0
0
0
213
639
0
225
108
0
0
0
0
0
0
0
0
0
0
0
0
0
0
0
0
0
0
0
0
0
0
0
0
0
0
0
0
0
0
0
0
0
0
2082
3600
3600
3600
3600
3600
3600
144
0
0
0
0
0
0
0
0
0
0
0
0
0
0
0
0
0
1955
3250
3378
3600
3455
2878
1250
0
0
0
0
0
0
0
0
0
0
0
0
0
0
0
0
598
2949
3548
3600
3600
3600
3600
2649
0
0
0
0
0
0
0
0
0
0
0
0
0
46
662
2000
3600
3600
3600
3600
3600
0
0
0
0
0
0
0
0
3473
376
261
0
0
0
0
0
0
0
1824
3519
2919
1950
97
0
68
529
2784
2815
1787
0
0
0
0
0
0
0
0
0
0
0
0
703
3600
3600
3600
3568
3595
3600
3600
3600
3555
3600
2292
0
0
0
0
0
0
0
0
0
0
0
0
0
0
0
0
0
0
0
0
0
0
0
0
0
0
0
0
0
0
0
0
0
0
0
0
0
0
0
0
29
0
0
0
0
0
0
0
0
0
0
0
0
0
0
0
0
0
0
0
0
0
0
0
0
0
537
0
290
1215
29
3133
0
0
0
0
0
0
0
0
0
0
0
0
0
0
1005
3600
3600
1704
942
1294
1125
850
0
0
0
0
0
0
0
0
0
0
0
0
0
0
919
3600
3600
3600
2394
3572
864
3272
3600
3600
3599
2858
0
0
0
0
0
0
0
0
0
0
0
0
0
0
0
0
0
0
0
0
0
103
0
0
0
0
0
0
0
0
0
0
0
0
0
0
0
0
0
0
0
0
0
0
0
0
0
0
0
0
0
0
0
0
0
0
0
0
0
0
0
3203
3600
3600
3530
3323
3220
2487
2439
3600
3267
2561
0
0
0
0
0
0
0
0
0
0
0
0
0
0
0
0
0
0
0
0
0
0
0
0
0
0
0
0
0
0
0
0
0
0
0
0
459
3150
2473
0
1880
406
62
2632
1527
2148
1241
754
0
0
0
0
0
0
0
0
0
0
0
0
0
0
486
3028
3014
1571
3303
3265
1858
905
1654
33
0
0
0
0
0
0
0
0
0
0
0
0
2256
3600
3466
1436
2849
2081
2135
225
0
0
0
0
0
0
0
0
0
0
0
0
0
0
0
0
1726
3493
3600
3558
1428
300
2842
2687
2593
3532
2774
1316
0
0
0
0
0
0
0
0
0
0
0
0
69
3142
3600
2668
2415
1550
700
1446
1941
378
1342
2809
0
0
0
0
0
0
0
0
0
0
0
0
0
925
3208
2346
0
0
0
0
0
0
409
0
0
0
0
0
0
0
0
0
0
0
0
0
0
7
508
1668
3369
3572
3385
3564
3600
3600
2858
331
0
0
0
0
0
0
0
0
0
0
0
0
0
0
0
0
0
0
0
0
853
795
0
0
0
0
0
0
0
0
0
0
0
0
0
0
0
0
2236
3600
3220
2569
2552
2211
1009
159
480
878
0
0
0
0
0
0
0
0
0
0
0
0
0
0
0
2433
3251
854
2553
1725
3057
1420
36
0
0
0
0
0
0
0
0
0
0
0
0
0
0
517
3432
3600
3600
3499
3019
3455
3564
3012
1074
0
0
0
0
0
0
0
0
0
0
0
0
0
0
0
1409
3099
3398
3300
3554
3600
3600
3600
1593
0
0
0
0
0
0
0
0
0
0
0
0
0
0
0
0
0
1569
801
210
0
0
0
0
0
0
0
0
0
0
0
0
0
0
0
0
0
0
1342
3600
3600
2473
3150
3390
3096
3600
3600
1667
981
0
0
0
0
0
0
0
0
0
0
0
0
0
0
0
0
0
0
0
0
0
0
0
0
0
0
0
0
0
0
0
0
0
0
0
0
0
0
0
0
0
0
1229
2191
1006
0
0
0
0
0
0
0
0
0
0
0
0
0
0
0
0
0
0
0
0
0
0
0
0
0
0
0
0
0
0
0
0
0
0
0
0
0
0
0
358
2764
3599
3600
3600
3600
3600
3600
3600
3600
3600
1710
0
0
0
0
0
0
0
0
0
0
0
0
0
0
0
0
489
1611
115
0
77
0
0
0
0
0
0
0
0
0
0
0
0
0
0
0
0
326
1149
3600
3600
3600
3600
3600
3600
3600
2470
0
0
0
0
0
0
0
0
0
0
0
0
0
0
0
0
0
0
0
0
0
202
0
0
0
0
0
0
0
0
0
0
0
0
0
0
136
1821
3600
3600
3261
488
306
1488
98
0
0
0
0
0
0
0
0
0
0
0
0
0
0
0
0
0
0
302
132
0
557
43
0
771
355
0
0
0
0
0
0
0
0
0
0
0
0
0
0
0
3
31
8
0
401
0
87
165
0
0
0
0
0
0
0
0
0
0
0
0
0
0
0
0
0
0
0
0
0
0
6
1730
1127
1812
0
0
0
0
0
0
0
0
0
0
0
0
2119
3600
3600
3383
3281
2634
1761
376
1682
1597
3600
1969
0
0
0
0
0
0
0
0
0
0
0
0
0
0
0
0
0
0
1379
544
914
3128
2706
2824
0
0
0
0
0
0
0
0
0
0
0
0
0
0
0
779
2518
2489
700
723
623
2709
893
1968
0
0
0
0
0
0
0
0
0
0
0
0
0
0
0
0
0
22
0
37
2340
3005
3600
3600
417
0
0
0
0
0
0
0
0
0
0
0
2797
3599
3600
3600
3600
3600
3600
3600
3600
3600
3600
3600
494
0
0
0
0
0
0
0
0
0
0
0
1553
3296
1482
3600
3600
3600
3600
3600
3600
3600
3600
1608
0
0
0
0
0
0
0
0
0
0
0
0
0
0
0
299
3299
3600
3600
3600
3600
3600
3600
3158
0
0
0
0
0
0
0
0
0
0
0
0
0
894
3600
3600
3540
1940
1429
2818
1758
0
0
3
0
0
0
0
0
0
0
0
0
0
0
0
0
0
0
0
0
2
0
0
0
198
141
0
0
0
0
0
0
0
0
0
0
0
0
0
65
1443
3344
3600
3600
3600
3379
3600
3600
1438
1489
0
0
0
0
0
0
0
0
0
0
0
0
0
0
0
0
0
0
404
2215
3422
2729
277
1336
2822
536
0
0
0
0
0
0
0
0
0
0
0
0
0
0
0
0
0
0
0
0
0
0
0
0
0
0
0
0
0
0
0
0
0
0
0
0
0
0
0
0
0
0
0
0
0
0
0
0
0
0
0
0
0
0
0
0
0
0
0
0
0
0
0
0
458
0
0
0
123
72
0
0
0
0
0
0
0
0
0
0
0
0
0
0
0
36
2185
650
426
0
0
0
0
874
29
0
0
0
0
0
0
0
0
0
0
0
0
0
0
1979
2730
0
260
651
821
0
0
0
0
0
0
0
0
0
0
0
0
0
0
0
0
0
0
6
33
540
960
0
1474
2806
2495
0
0
0
0
0
0
0
0
0
0
0
0
0
0
0
0
0
2475
1449
2860
995
1925
2517
1860
3600
2143
0
0
0
0
0
0
0
0
0
0
0
0
330
3600
3536
799
717
1866
2913
2382
3323
3583
3506
1106
0
0
0
0
0
0
0
0
0
0
0
0
0
0
0
0
0
0
0
0
0
0
0
0
0
0
0
0
0
0
0
0
0
0
0
0
0
0
0
0
0
15
0
1812
100
0
75
1476
0
0
0
0
0
0
0
0
0
0
0
0
0
0
0
2449
2580
310
0
0
0
825
119
0
0
0
0
0
0
0
0
0
0
0
0
0
0
0
0
0
0
0
0
0
0
0
0
0
0
0
0
0
0
0
0
0
0
0
0
0
323
3340
0
0
1298
0
280
902
895
104
2399
1827
0
0
0
0
0
0
0
0
0
0
0
0
0
0
0
3324
3600
2415
0
0
1118
2675
60
0
0
0
0
0
0
0
0
0
0
0
0
0
0
0
0
106
1561
669
256
132
2662
1704
2105
10
0
0
0
0
0
0
0
0
0
0
0
0
0
639
2779
3280
3323
1129
1084
2218
3385
3322
3600
2540
0
0
0
0
0
0
0
0
0
0
0
0
0
0
0
0
39
2670
2717
3568
3586
3600
3600
2709
0
0
0
0
0
0
0
0
0
0
0
0
0
611
959
1003
0
1473
1089
3226
3020
2479
1617
1162
0
0
0
0
0
0
0
0
0
0
0
0
2181
3600
3600
3600
3494
2425
3276
3600
3600
3600
1710
301
0
0
0
0
0
0
0
0
0
0
0
0
0
0
3219
2260
0
78
338
2052
3446
119
0
0
0
0
0
0
0
0
0
0
0
0
0
0
99
1563
1729
1777
259
254
1567
1235
3393
2724
485
0
0
0
0
0
0
0
0
0
0
0
0
0
0
0
0
0
0
0
0
0
0
0
0
0
0
0
0
0
0
0
0
0
0
0
0
0
0
2254
2419
0
0
0
0
0
1856
0
985
973
129
0
0
0
0
0
0
0
0
0
0
0
1813
3600
3600
3600
1971
840
838
1358
446
2796
1829
0
0
0
0
0
0
0
0
0
0
0
0
0
0
0
0
0
0
0
0
0
0
0
0
0
0
0
49
587
1687
2719
1834
0
1005
0
0
0
0
0
0
0
0
0
0
0
0
2574
2302
2182
907
118
172
0
0
0
892
779
0
0
0
0
0
0
0
0
0
0
0
0
0
0
359
0
0
0
0
0
0
0
0
0
0
0
0
0
0
0
0
0
0
0
0
0
0
0
0
0
0
62
1846
326
329
1498
464
37
0
0
0
0
0
0
0
0
0
0
0
0
0
0
0
0
0
0
401
0
0
0
0
0
0
0
0
0
0
0
0
0
0
0
0
0
0
0
35
0
0
1294
3334
990
2705
2196
0
378
0
0
0
0
0
0
0
0
0
0
0
0
0
0
0
0
0
0
0
0
0
0
0
4
92
0
0
0
0
0
0
0
0
0
0
0
0
0
0
371
3160
1928
1634
458
804
574
2045
3088
0
0
0
0
0
0
0
0
0
0
0
0
0
0
3582
3600
3600
3600
2766
249
2814
2420
0
0
0
0
0
0
0
0
0
0
0
0
0
0
0
0
0
0
0
514
109
0
8
0
0
738
76
0
0
0
0
0
0
0
0
0
0
0
0
0
1464
767
2735
2633
2517
2787
3193
2328
0
0
0
0
0
0
0
0
0
0
0
0
0
0
0
279
3600
3600
3600
1493
0
0
0
0
0
0
0
0
0
0
0
0
0
0
0
0
0
0
0
0
592
2316
1132
682
3065
2386
3106
3067
2834
660
0
0
0
0
0
0
0
0
0
0
0
0
0
0
148
3363
2945
1384
2001
1369
3081
2609
3600
1831
136
0
0
0
0
0
0
0
0
0
0
0
0
1043
3600
3600
3600
3600
3520
3041
2721
3115
3008
2169
0
0
0
0
0
0
0
0
0
0
0
0
0
0
0
0
0
0
0
0
0
0
1619
3260
1879
0
0
0
0
0
0
0
0
0
0
0
0
0
1268
603
1350
3284
2386
2400
2489
901
2114
0
91
0
0
0
0
0
0
0
0
0
0
0
0
0
0
0
191
3018
2329
2220
3439
3446
1416
27
0
0
0
0
0
0
0
0
0
0
0
0
0
0
0
0
233
0
0
0
0
789
886
0
0
0
0
0
0
0
0
0
0
0
0
0
0
0
0
0
0
0
60
0
4
0
0
0
0
0
0
0
0
0
0
0
0
0
0
0
0
1984
3600
3600
3264
2874
2642
1979
2746
2267
2707
2933
0
0
0
0
0
0
0
