1654
3312
1806
1470
3282
3099
3600
191
3600
2545
3600
0
1292
0
0
155
3193
0
7
732
3243
2028
1556
2284
1824
1885
216
0
641
3158
0
713
0
2459
931
1635
3431
0
225
0
3600
1955
2949
3600
97
3595
0
0
0
1704
3572
0
0
3323
0
406
1571
2081
300
1550
0
3572
0
2569
854
3499
3300
801
3150
0
0
0
3600
489
3600
0
488
0
0
0
2634
0
2489
22
3600
3600
3600
1940
2
3600
404
0
0
458
426
260
960
2860
1866
0
15
310
0
0
2415
669
1129
2670
1473
2425
78
254
0
0
1971
49
172
0
1846
401
3334
0
1634
2766
109
2517
0
3065
2001
3520
0
2386
2329
0
60
2642
