994.7
1000.5
1007.2
1022.3
1030.5
1025.2
1016.8
1014.3
1023.3
1019.1
1016.3
1013.5
1022.0
1019.4
1014.4
1016.8
1024.3
1025.2
1019.6
1018.3
1017.9
1007.5
1001.3
1004.3
994.2
1012.2
1002.8
987.6
1003.9
1003.0
1000.7
987.9
999.2
983.1
993.1
998.4
1002.1
1006.4
984.9
1012.6
1020.9
1022.9
1027.1
1024.5
1021.7
1022.5
1018.9
1018.4
1017.2
1015.7
1010.0
1009.6
1005.3
1007.5
994.3
992.2
983.9
996.7
1001.0
1008.0
991.3
1003.5
988.5
980.9
979.8
996.5
1009.6
1004.0
1013.3
1017.1
1009.9
1006.2
1021.7
1024.1
1025.3
1014.5
1011.9
1003.8
1001.1
994.5
1002.5
996.8
1006.8
1021.5
1021.0
1015.5
1014.0
1012.3
1014.2
1010.9
1002.1
991.5
983.8
983.9
980.8
981.0
980.7
987.3
988.2
993.8
986.1
981.7
979.9
1001.0
993.9
981.1
991.6
1007.4
1020.8
1023.4
1012.1
992.5
993.2
1004.1
1010.3
994.7
991.7
986.2
989.7
1011.9
1003.2
991.6
988.4
996.0
980.0
984.5
1005.2
1004.3
1003.5
1018.5
991.0
1001.1
994.9
999.8
994.8
998.8
