74
75
73
74
71
78
74
86
74
68
63
58
56
54
57
63
92
83
84
79
79
79
77
85
87
91
93
93
91
85
84
84
80
71
55
51
49
42
43
43
43
57
71
73
77
78
79
83
85
88
88
88
87
87
90
86
85
66
61
61
47
53
47
54
52
59
65
70
69
72
76
80
84
86
87
87
90
91
87
78
71
64
61
56
55
51
50
50
50
56
63
68
75
74
74
76
84
87
88
85
88
91
90
86
82
78
70
65
59
58
57
55
58
63
65
68
67
67
67
69
68
70
72
72
72
74
79
81
81
70
67
67
63
60
57
54
59
63
74
80
81
79
78
76
76
78
76
75
77
78
79
79
77
74
69
64
63
60
60
66
76
83
87
90
91
93
93
94
93
93
92
89
86
85
89
86
83
84
83
82
81
90
96
82
73
77
81
87
88
86
86
88
94
97
97
98
99
99
99
97
90
88
90
95
97
99
99
99
99
96
82
66
59
52
47
44
44
45
57
67
73
73
68
79
84
90
92
91
92
94
97
93
84
79
69
65
59
61
87
94
93
91
89
83
82
76
71
64
53
39
29
28
29
28
36
39
44
45
46
49
50
51
52
55
59
58
64
64
62
65
68
64
59
44
41
39
41
45
42
48
57
63
68
81
81
76
69
67
66
66
66
63
60
57
65
75
80
56
59
66
72
72
76
80
86
88
89
89
92
88
85
83
81
78
72
71
68
71
73
81
86
82
83
79
82
84
83
84
90
92
89
90
92
92
95
95
95
87
81
84
89
88
89
92
95
96
97
96
96
98
98
99
99
99
99
99
99
99
99
99
97
93
88
82
75
72
70
71
73
78
81
84
87
91
95
95
98
99
99
99
99
99
99
99
91
81
75
69
60
55
52
64
71
81
69
72
80
78
78
78
81
85
86
87
86
87
87
86
84
83
82
83
83
83
82
81
80
81
79
80
82
83
83
84
85
87
88
89
90
91
91
92
92
90
85
76
66
59
52
57
58
71
79
74
69
74
72
73
77
83
88
89
91
91
78
73
70
70
60
57
56
60
60
63
67
69
71
73
76
80
84
84
75
72
71
72
71
69
64
60
56
54
54
52
54
53
51
54
59
65
70
75
81
83
83
85
88
87
88
82
82
79
77
74
62
61
57
55
55
58
61
61
71
80
89
92
93
91
93
93
92
91
92
93
94
95
88
80
73
64
56
73
59
55
50
56
65
66
74
82
84
87
88
91
92
94
94
94
96
97
92
85
78
70
63
58
52
58
55
52
54
65
78
69
73
81
85
87
87
90
90
93
95
97
97
98
93
81
72
92
64
55
51
43
49
52
58
61
66
66
74
76
81
80
83
82
86
88
79
68
48
49
46
47
48
44
46
51
61
68
76
82
85
86
87
93
97
99
99
99
99
99
95
94
87
76
80
87
83
84
89
76
68
75
72
71
72
75
77
92
90
85
78
76
91
98
98
92
89
92
93
79
72
65
66
67
65
73
76
79
80
73
81
77
73
72
74
74
71
72
68
60
46
44
51
54
52
54
60
80
88
97
98
95
90
89
89
86
93
76
67
69
62
65
65
56
51
44
44
42
46
43
53
49
66
56
61
51
68
73
65
95
97
98
98
98
98
97
96
96
96
96
94
91
85
83
82
77
77
76
76
77
79
78
82
82
86
77
75
76
73
79
78
90
93
89
78
85
76
68
67
63
64
77
81
77
77
71
71
73
72
76
75
69
75
79
74
69
61
62
72
81
75
68
63
65
65
69
80
82
94
96
96
90
78
78
80
80
84
88
84
74
64
58
59
58
60
49
75
72
77
90
84
90
95
97
99
98
99
99
99
98
98
98
99
97
93
85
80
78
65
63
65
69
76
82
79
80
83
86
89
87
89
89
91
95
96
97
98
85
80
75
67
66
64
64
64
63
66
67
66
71
75
79
76
79
77
83
85
89
87
86
82
77
64
60
54
52
49
49
47
45
50
57
60
65
72
77
83
82
83
83
86
87
82
80
74
71
71
73
70
68
75
70
74
89
95
96
97
97
98
97
96
97
98
97
95
96
97
98
88
86
74
76
70
82
88
86
91
93
94
93
94
93
93
93
95
95
95
92
89
89
89
90
94
89
87
89
86
85
98
99
99
99
99
99
99
99
99
99
96
75
62
58
54
55
54
65
78
85
88
91
94
95
96
96
98
98
99
99
99
99
99
99
99
77
69
59
56
56
52
55
68
76
85
88
91
95
98
99
99
99
99
99
99
99
99
99
84
68
62
54
55
51
55
60
73
78
81
85
89
90
88
89
88
84
84
82
80
77
74
68
60
57
51
41
32
79
84
87
89
92
96
99
90
82
80
81
89
88
88
93
96
95
93
80
68
67
61
65
62
60
56
53
54
58
61
63
66
70
76
81
86
91
94
94
95
95
93
84
78
69
62
55
48
47
48
55
51
56
64
75
81
85
89
94
97
98
99
99
99
99
95
94
94
92
88
85
82
81
82
83
82
83
84
81
82
84
79
82
78
79
80
79
79
86
84
84
87
82
79
76
69
68
70
73
73
75
72
75
76
74
74
76
76
78
79
79
87
91
89
85
84
79
76
68
62
61
60
57
60
61
72
76
73
76
82
85
88
89
91
91
90
93
93
86
77
68
58
56
55
54
55
59
62
63
63
62
69
75
82
85
89
93
94
96
98
98
99
90
74
65
59
51
57
54
55
53
53
59
65
75
79
88
90
93
92
88
89
94
89
87
86
81
79
74
63
56
57
58
57
55
59
58
63
64
65
67
68
71
75
81
83
86
87
91
87
87
85
80
79
72
74
84
86
92
90
94
95
95
96
97
97
98
99
99
99
99
92
92
88
82
73
63
60
53
51
48
42
41
48
49
62
67
68
68
73
82
82
84
88
87
87
81
86
93
96
97
97
96
94
85
86
85
91
85
91
88
87
85
85
80
80
83
82
85
88
91
92
82
79
91
84
82
82
67
81
69
72
77
80
85
91
93
92
93
93
92
92
92
90
94
92
88
77
65
58
55
50
52
55
81
80
85
84
89
92
91
91
92
91
87
88
86
84
86
83
74
70
65
64
51
45
48
58
89
92
94
94
91
92
93
94
93
90
90
92
94
93
94
91
87
76
70
69
82
54
50
59
51
55
62
70
67
68
73
80
83
83
85
86
89
91
93
88
80
71
68
61
56
53
50
46
51
50
49
62
69
76
83
87
93
84
83
82
82
84
85
85
87
83
80
77
73
75
71
78
87
89
91
95
98
95
75
73
66
58
69
73
73
71
69
66
63
62
59
56
53
48
44
32
40
45
58
67
82
85
86
87
86
86
86
86
88
89
85
93
93
96
96
97
96
90
83
80
79
81
86
89
91
95
95
97
97
97
95
96
95
96
97
98
97
88
74
66
63
56
60
67
83
80
91
91
88
84
83
83
83
86
87
84
80
81
89
91
92
96
75
69
66
63
59
59
60
85
94
93
91
87
87
83
80
83
81
86
90
93
93
95
97
85
78
71
64
55
50
50
59
64
75
76
80
82
84
85
85
85
85
85
88
84
83
82
83
80
74
69
62
58
53
55
52
53
59
65
77
80
85
95
97
97
97
98
98
99
97
95
96
95
92
85
76
70
71
75
75
88
88
91
95
95
97
97
96
97
95
92
88
87
87
87
84
77
77
71
63
61
50
48
46
52
50
58
68
74
77
80
85
87
79
79
80
80
85
93
97
96
95
93
89
88
88
87
89
90
91
91
94
94
95
98
98
98
97
97
96
96
97
97
97
98
97
95
91
81
74
70
71
71
74
78
82
84
86
84
88
90
92
92
93
94
96
97
98
97
98
97
96
93
87
83
79
80
80
81
80
79
82
80
84
85
87
88
89
88
90
90
89
80
71
57
51
51
51
52
55
59
63
75
83
87
90
93
95
97
99
97
96
94
93
94
92
88
76
73
73
71
73
74
74
76
79
83
89
93
95
98
98
99
99
99
99
99
99
95
91
84
76
71
66
62
61
62
62
69
79
86
91
93
97
97
98
98
99
99
99
99
99
99
99
97
96
91
89
87
83
81
77
79
78
80
85
88
92
95
79
84
93
94
93
94
91
85
71
66
63
63
62
56
61
65
69
71
73
76
78
89
91
95
93
92
91
91
94
96
98
96
94
88
85
85
80
80
80
80
81
85
88
88
89
90
91
91
90
89
89
89
90
85
81
79
77
77
76
83
68
65
71
75
78
83
91
96
98
96
97
94
94
96
99
98
96
94
96
92
89
90
83
75
82
89
90
77
73
78
79
72
82
86
87
85
83
79
80
84
86
79
77
71
69
61
49
54
47
50
46
67
59
66
65
73
81
82
83
79
79
79
78
77
76
76
83
89
92
91
90
94
84
77
71
63
56
58
65
78
89
92
95
97
97
97
97
98
97
95
94
94
91
81
65
64
63
56
56
57
61
61
67
73
77
82
85
86
86
87
87
88
86
85
86
85
85
84
82
77
75
71
68
62
55
59
63
69
74
78
80
81
83
85
87
87
87
88
84
75
61
52
45
39
38
35
33
23
26
28
30
33
32
31
33
37
44
54
63
71
78
84
87
85
81
66
58
52
47
47
49
49
51
58
62
66
71
73
77
77
79
86
91
95
97
98
96
93
90
83
76
63
58
53
50
46
50
53
64
69
76
80
87
92
95
97
99
99
98
98
99
99
82
77
73
77
66
64
61
68
72
75
78
79
88
92
90
85
92
94
90
89
90
88
89
88
89
89
85
78
84
89
87
83
84
94
88
85
82
81
84
84
84
84
82
76
79
82
81
79
66
56
50
43
43
46
47
52
54
57
60
62
61
62
65
66
70
74
77
81
81
81
82
90
84
80
76
72
63
55
58
63
61
66
71
79
83
86
90
88
85
80
80
81
82
82
88
90
88
85
85
87
85
85
87
89
89
93
87
81
80
81
84
78
80
73
74
74
79
80
77
78
79
81
83
88
89
92
94
94
95
97
96
95
96
96
97
98
99
99
99
99
99
99
99
99
99
99
94
87
88
85
85
86
89
94
98
99
99
99
99
99
99
99
99
99
99
99
99
99
98
89
86
79
81
82
85
84
83
88
93
95
98
98
95
92
95
93
92
95
97
97
98
99
95
88
87
78
73
73
76
90
85
92
95
95
96
97
98
98
95
93
93
95
94
94
94
94
92
86
79
68
69
62
58
62
67
76
77
84
88
93
95
97
98
98
99
99
99
99
99
99
99
93
87
67
63
51
53
54
60
70
78
81
84
90
93
94
90
93
95
98
92
85
85
80
75
73
67
58
53
52
48
46
51
58
59
67
74
78
83
85
87
90
93
95
96
97
98
98
92
88
83
75
73
95
98
98
98
99
99
99
99
99
99
99
99
99
99
98
98
98
97
96
95
92
89
86
89
80
88
86
82
81
85
90
95
97
98
99
99
99
99
99
99
99
99
99
99
91
77
77
82
84
84
81
89
91
95
97
97
99
97
97
99
98
99
99
99
99
99
99
99
97
95
90
94
94
93
95
95
92
87
89
90
88
86
93
89
88
87
88
90
93
96
91
88
84
79
78
78
73
73
73
56
61
67
74
80
81
88
93
96
99
99
99
99
99
99
96
83
71
60
63
65
64
60
57
58
59
60
61
58
57
62
72
88
93
96
97
97
98
99
99
97
97
86
75
80
71
65
62
69
71
76
78
85
86
85
89
91
92
90
86
91
96
93
91
86
79
69
64
65
65
59
54
57
66
76
86
88
92
89
93
76
73
66
68
67
66
67
64
63
59
59
53
50
49
47
45
45
51
60
67
72
74
74
73
72
67
73
82
90
91
88
85
82
73
66
64
56
52
50
50
49
54
55
64
67
66
75
84
90
94
96
96
98
99
99
96
78
69
59
56
51
45
40
45
56
62
68
74
77
81
82
82
84
85
88
88
88
89
91
88
77
74
77
65
59
59
56
61
61
62
64
70
69
70
75
77
75
78
87
92
95
98
96
91
71
66
64
60
57
59
58
60
60
65
68
72
81
86
88
91
96
98
99
99
99
99
99
99
99
99
94
91
90
87
88
85
89
92
94
96
96
99
99
99
98
99
98
99
98
98
97
91
83
82
77
73
69
64
56
60
56
63
73
83
87
93
97
79
72
73
74
77
85
87
92
77
57
53
47
40
43
41
39
41
48
53
63
60
64
66
77
77
86
91
93
95
99
99
99
99
99
89
90
94
95
95
97
98
98
96
94
93
91
87
81
73
70
91
90
89
96
95
95
96
98
98
96
96
95
97
98
97
92
83
88
83
82
89
92
95
92
93
87
92
97
97
97
97
98
97
96
97
98
99
99
99
99
99
92
93
94
95
93
95
95
97
98
99
99
99
99
99
99
99
99
99
99
98
98
99
99
99
99
90
88
80
88
74
86
89
88
87
85
84
86
83
83
91
92
92
88
90
89
90
89
88
83
79
73
71
78
71
77
80
82
85
83
75
77
82
91
93
93
94
96
97
97
98
98
96
87
80
73
69
66
65
74
74
79
83
92
93
90
89
92
92
89
87
84
85
95
97
97
96
95
95
94
93
84
86
92
85
68
72
71
71
72
75
76
85
88
87
88
88
87
87
87
83
70
70
67
84
75
70
59
60
64
73
77
82
85
88
86
89
88
90
91
90
90
91
87
74
68
68
65
64
56
62
68
82
91
93
91
94
93
90
90
89
91
91
92
94
95
95
96
92
90
84
84
92
92
86
83
87
83
83
89
85
86
77
81
81
83
86
89
86
87
86
82
87
79
70
60
54
57
60
72
75
76
81
80
79
80
79
80
83
86
85
89
93
94
94
90
83
76
70
67
67
66
81
78
76
89
95
95
96
94
92
91
90
90
90
85
84
88
86
84
80
74
66
52
46
49
42
47
57
61
61
65
67
77
87
94
96
97
97
98
98
98
92
81
67
64
67
64
50
46
46
51
55
64
93
95
74
74
74
76
67
65
64
68
70
71
72
67
63
57
51
47
44
44
45
47
56
56
61
69
77
75
75
75
72
87
93
93
94
94
96
95
93
92
91
92
91
93
94
89
82
81
76
76
78
76
74
74
76
71
69
70
71
72
74
71
70
68
65
59
57
54
59
55
53
53
56
61
74
76
73
79
82
80
90
91
88
90
89
86
83
80
80
70
55
41
44
50
50
54
59
79
82
81
84
96
95
91
89
88
86
85
83
83
81
80
80
79
87
76
74
72
75
76
78
80
88
91
93
93
91
86
86
84
84
83
83
83
80
75
81
73
75
73
70
70
78
90
90
92
90
91
87
87
90
87
87
87
87
88
87
83
71
62
56
54
51
46
51
64
61
76
79
80
84
79
75
74
